#BURIAL_COUNT

A      66891      64009      60663      66764      58140      47173      26298
R      52337      54047      49153      43179      26528      13605       3647
N      53250      45749      35831      29330      18296      11164       5500
D      78476      69004      50641      37697      21672      12541       6012
C       6206       8199       9630      11879      11122       9422       5145
Q      43256      41875      34238      27128      16240       8737       3475
E      94840      83746      61713      43298      22449      10859       4360
G      91139      66753      49999      45542      35297      30459      18566
H      22490      21234      19462      19057      13631       9883       5179
I      25618      30699      39360      53452      53654      46950      27954
L      49132      55881      68656      90629      85929      68835      34223
K      75018      69576      54342      40919      20733       8881       2063
M      11875      10694      11456      13480      12649      10580       6236
F      20183      23482      30279      39164      36437      29241      14509
P      57656      48896      37158      30218      19698      12875       5887
S      70271      58753      47956      42044      30161      21483      11846
T      50144      49467      45638      43485      31551      22595      12120
W       6990       8605      11096      13513      11750       8617       3669
Y      19604      24502      29274      33775      28872      20783       8232
V      34687      39594      48974      64315      62842      54663      33294


#STRUCTURE_COUNT

A     189356      17715         39      63924       2691      64222      51992
R      99501       9523         22      46889       2676      43374      40511
N      52836       7674         22      26581       2155      65428      44424
D      76816      13559         43      33826       2344      91185      58270
C      17665       1921          9      17392        897      12712      11007
Q      76801       7843         18      28847       1614      31727      28099
E     145320      17630         32      48330       2129      61995      45829
G      53619       8965         67      47967       3035     122944     101158
H      33031       4707         10      23229       1434      25997      22528
I     100072       6505         44     100337       3714      28758      38257
L     204143      18584         73     107441       4438      56885      61721
K     107103      11757         25      46310       2488      54987      48862
M      33319       2556         11      16488        787      10517      13292
F      65391       7823         38      58123       2785      30459      28676
P      30609      10891          7      19234       1843      76115      73689
S      76568      12694         33      51864       3434      70827      67094
T      67814       6856         41      67230       3657      52403      56999
W      22440       3250         16      18034        866      10478       9156
Y      54625       6854         25      49798       2287      27147      24306
V     102985       7119         50     137149       4394      38575      48097


#AA_COUNT

A 389938
R 242496
N 199120
D 276043
C 61603
Q 174949
E 321265
G 337755
H 110936
I 277687
L 453285
K 271532
M 76970
F 193295
P 212388
S 282514
T 255000
W 64240
Y 165042
V 338369
