#BURIAL_POTENTIAL

A 0.8676938016 0.8827969379 0.9199929540 1.0210551096 1.1356462013 1.2389812427 1.3318790578
R 1.0916881897 1.1986222874 1.1986754966 1.0618676624 0.8332273456 0.5745935702 0.2970084553
N 1.3526925397 1.2356118295 1.0641435634 0.8784146571 0.6998498163 0.5742113058 0.5454882937
D 1.4379854318 1.3443515847 1.0848800215 0.8143900245 0.5979788703 0.4652883987 0.4301103193
C 0.5095704968 0.7157714301 0.9244439869 1.1499538573 1.3751327121 1.5664193254 1.6493816015
Q 1.2506311985 1.2872375237 1.1573190459 0.9247167124 0.7070304944 0.5114670567 0.3922662770
E 1.4932155277 1.4018966378 1.1359766952 0.8037237765 0.5322273285 0.3461730176 0.2680159894
G 1.3648874439 1.0628802498 0.8754184766 0.8041048960 0.7959753031 0.9235930347 1.0855608897
H 1.0254425146 1.0293774402 1.0374594784 1.0244350424 0.9358770559 0.9123954016 0.9219577885
I 0.4666422302 0.5945440207 0.8382155596 1.1479178402 1.4716689983 1.7315970727 1.9880442251
L 0.5482611362 0.6629918002 0.8957015518 1.1923348411 1.4438829728 1.5552663083 1.4910230543
K 1.3974582098 1.3780144580 1.1835068524 0.8986827126 0.5815736405 0.3349713369 0.1500430344
M 0.7803806604 0.7471951234 0.8801722976 1.0444094674 1.2516943474 1.4077676340 1.6000083495
F 0.5281526538 0.6533257852 0.9263542214 1.2082834197 1.4357723232 1.5493102552 1.4823627377
P 1.3731212876 1.2381084648 1.0346144322 0.8484732131 0.7064082177 0.6208462430 0.5473960882
S 1.2581445075 1.1184212460 1.0038276512 0.8874960884 0.8131475305 0.7787924798 0.8280744468
T 0.9946565816 1.0432556078 1.0583823791 1.0169548885 0.9424027248 0.9074839656 0.9386421846
W 0.5503842656 0.7203783927 1.0214499534 1.2544363751 1.3931437126 1.3737805257 1.1279239243
Y 0.6008202786 0.7984034286 1.0489233850 1.2204030215 1.3324348284 1.2896758122 0.9850278576
V 0.5185260013 0.6292948048 0.8559160813 1.1335067233 1.4145653489 1.6545111182 1.9431800200



#STRUCTURE_POTENTIAL

A 1.4189287631 1.1588578946 0.7528280003 0.7643406609 0.6536544156 0.7932649212 0.7177160586
R 1.1989468958 1.0017371772 0.6828806677 0.9015399408 1.0452293380 0.8614992017 0.8992492491
N 0.7753398917 0.9830859699 0.8316383608 0.6224077797 1.0250910749 1.5826276350 1.2009211023
D 0.8131151096 1.2529551022 1.1725150705 0.5713371795 0.8042867797 1.5910236939 1.1362659141
C 0.8378935760 0.7954448774 1.0996826258 1.3163344425 1.3791790201 0.9938984317 0.9617867804
Q 1.2827218476 1.1435504719 0.7744399659 0.7687900797 0.8738202952 0.8734690633 0.8645519591
E 1.3217187663 1.3998241603 0.7497444863 0.7014100132 0.6276858070 0.9294440116 0.7678717074
G 0.4638675630 0.6770692558 1.4931372575 0.6621545245 0.8511125020 1.7532164442 1.6121674440
H 0.8700141194 1.0823214924 0.6785068147 0.9762849445 1.2243531705 1.1287056918 1.0931048829
I 1.0530139200 0.5975528735 1.1926797466 1.6847060822 1.2668243783 0.4988076601 0.7415954588
L 1.3159525389 1.0458091468 1.2122110231 1.1051399400 0.9273549865 0.6044444555 0.7329482386
K 1.1525444896 1.1044856726 0.6930199019 0.7951926241 0.8678794777 0.9753690956 0.9686389316
M 1.2648748380 0.8470790674 1.0757167104 0.9987690428 0.9684636110 0.6581128502 0.9295666741
F 0.9884949162 1.0323745669 1.4797545803 1.4019934432 1.3646919844 0.7589706893 0.7985638584
P 0.4211106718 1.3080440499 0.2480817297 0.4222388762 0.8219121894 1.7261171196 1.8676022437
S 0.7919256512 1.1461543490 0.8792263237 0.8559425475 1.1513049663 1.2075047733 1.2783665831
T 0.7770630580 0.6858280055 1.2102369067 1.2292536638 1.3583598655 0.9897965905 1.2032025823
W 1.0206912733 1.2905130945 1.8747405230 1.3088959190 1.2768574687 0.7856024792 0.7672059302
Y 0.9671059461 1.0593371653 1.1401769247 1.4068118038 1.3125073622 0.7922410627 0.7927398955
V 0.8893249709 0.5366770352 1.1122595746 1.8898209452 1.2299842380 0.5490922959 0.7651368524



#POT_STATISTIC

A 1.4122868120 0.4819812174
R 1.4642302551 0.3375444276
N 1.4934860158 0.2988746603
D 1.4751074399 0.3499894129
C 1.4399114751 0.2479484309
Q 1.4950416657 0.2829323667
E 1.4201411915 0.4215607647
G 1.4575059717 0.4250616552
H 1.4799992102 0.2590066154
I 1.4297049402 0.3677522743
L 1.2335511825 0.5712529983
K 1.4328619611 0.3797199978
M 1.4520355986 0.2456975844
F 1.4838771887 0.2888975605
P 1.4659487449 0.3102898757
S 1.4537335039 0.3797904070
T 1.4722623323 0.3444799143
W 1.4111085885 0.2358074218
Y 1.4916220211 0.2742890334
V 1.4064083068 0.4325354436



#AA_FREQUENCY

A 0.0805923052 0.0351166822
R 0.0536799488 0.0231244932
N 0.0441655976 0.0195059525
D 0.0586987395 0.0195306235
C 0.0205683742 0.0099725418
Q 0.0399112087 0.0175416803
E 0.0700400843 0.0257223503
G 0.0708182110 0.0262834628
H 0.0278948427 0.0116272617
I 0.0604375221 0.0239261424
L 0.0954753660 0.0309668422
K 0.0623529311 0.0289842177
M 0.0262632965 0.0107989920
F 0.0426601092 0.0165264488
P 0.0463186375 0.0180826734
S 0.0598026329 0.0224768718
T 0.0540410051 0.0201398527
W 0.0207072147 0.0089972464
Y 0.0374390073 0.0158688295
V 0.0725432894 0.0250099268
